4396 	5166 	4981 	4632 	4180 	3903 	3718 	3677 	3923 	3862 	3636 	3502 	3246 	2999 	2753 	2876 	2937 	2927 	2948 	3040 	3564 	3800 	3831 	3523 	3287 	3513 	3882 	4139 	4221 	4242 	4211 	3903 	3605 	3523 	3389 	3739 	4139 	4108 	4221 	4262 	4468 	4827 	4981 	5279 	5536 	5587 	5495 	5577 	5926 	5649 	5166 	4796 	4540 	4468 	4190 	3872 	3543 	3246 	3040 	2824 	2660 	2455 	2362 	2321 	2249 	2239 	2260 	2301 	2270 	2218 	2167 	2136 	2054 	2013 	1982 	1941 	1869 	1859 	1818 	1767 	1725 	1705 	1643 	1561 	1458 	1376 	1335 	1284 	1243 	1202 	1150 	1109 
1387 	1376 	1428 	1458 	1541 	1602 	1623 	1551 	1500 	1592 	1746 	1849 	1787 	1828 	2044 	2260 	2444 	2506 	2434 	2311 	2198 	2198 	2167 	2373 	2455 	2331 	2208 	2260 	2660 	3122 	3287 	3225 	3297 	3215 	3122 	3482 	3564 	3472 	3472 	3348 	3112 	2907 	2660 	2588 	2568 	2475 	2496 	2650 	2824 	2948 	3215 	3020 	2732 	2496 	2342 	2239 	2167 	2136 	2085 	2013 	1982 	1951 	1931 	1869 	1849 	1828 	1849 	1828 	1818 	1818 	1972 	2845 	2896 	2527 	2383 	2321 	2311 	2239 	2167 	2095 	2034 	1993 	1941 	1890 	1869 	1880 	1982 	2054 	1972 	1818 	1715 	1664 
3112 	3040 	3009 	3040 	2968 	2845 	2773 	2824 	2753 	2650 	2475 	2249 	2218 	2157 	2106 	2095 	2054 	2044 	2095 	2167 	2506 	2599 	2599 	2609 	2650 	2845 	3472 	3749 	3903 	4211 	4170 	4211 	4714 	5146 	5094 	4683 	4581 	4632 	4879 	5074 	4961 	4540 	4427 	4786 	4591 	4119 	3965 	3831 	3739 	3543 	3472 	3821 	3831 	3605 	3420 	3256 	3122 	2927 	2753 	2660 	2660 	2866 	2845 	2866 	2896 	2753 	2599 	2455 	2342 	2260 	2188 	2075 	2003 	1921 	1849 	1787 	1767 	1725 	1674 	1602 	1541 	1510 	1469 	1448 	1397 	1376 	1335 	1315 	1284 	1243 	1232 	1202 
6142 	6748 	6686 	6306 	5793 	5392 	4961 	4458 	4345 	4416 	4314 	4365 	4879 	5485 	6317 	6491 	6049 	5824 	5813 	5351 	4683 	4529 	4889 	5423 	6306 	6512 	6234 	5700 	5279 	4971 	4755 	4334 	3965 	3708 	3554 	3636 	3759 	3821 	3780 	3605 	3595 	3646 	3749 	3564 	3523 	3461 	3317 	3246 	3184 	3256 	3389 	3708 	3841 	3944 	4077 	4026 	3800 	3605 	3502 	3430 	3472 	3595 	3646 	3718 	3636 	3482 	3317 	3204 	3071 	2979 	2968 	2937 	2866 	2763 	2640 	2537 	2455 	2383 	2311 	2239 	2157 	2085 	2013 	1972 	1941 	1921 	1869 	1828 	1808 	1767 	1715 	1664 
6049 	6173 	6111 	5556 	5166 	4992 	4642 	4899 	5351 	5875 	6234 	6327 	5824 	5269 	4776 	4334 	4057 	3739 	3430 	3163 	2989 	2979 	2876 	2753 	2650 	2547 	2475 	2455 	2444 	2486 	2537 	2516 	2568 	2691 	2835 	2876 	2835 	2742 	2619 	2557 	2691 	2711 	2650 	2660 	2753 	2722 	2619 	2568 	2506 	2496 	2444 	2393 	2373 	2414 	2393 	2424 	2383 	2362 	2383 	2444 	2516 	2547 	2486 	2414 	2321 	2260 	2198 	2106 	2044 	1972 	1941 	1921 	1900 	1982 	1828 	1787 	1756 	1705 	1674 	1643 	1633 	1674 	1808 	1746 	1664 	1633 	1746 	1715 	1582 	1510 	1448 	1407 
1397 	1376 	1274 	1212 	1161 	1140 	1222 	1315 	1294 	1222 	1294 	1551 	1674 	1736 	1900 	2044 	2177 	2147 	2044 	1951 	1951 	1797 	1715 	1684 	1756 	1931 	2218 	2239 	2362 	2496 	2331 	2260 	2239 	2177 	2095 	2044 	1993 	2044 	2475 	2753 	2999 	3276 	3194 	3297 	3297 	3287 	3389 	3174 	3071 	3092 	2999 	2742 	2557 	2362 	2208 	2085 	1951 	1849 	1756 	1695 	1623 	1561 	1500 	1479 	1438 	1387 	1356 	1325 	1294 	1294 	1294 	1284 	1253 	1222 	1232 	1222 	1232 	1274 	1356 	1407 	1387 	1376 	1335 	1284 	1243 	1212 	1181 	1150 	1120 	1099 	1078 	1058 
4262 	4006 	3954 	4478 	5135 	5526 	5218 	4704 	4303 	4529 	4653 	4180 	3667 	3266 	3009 	2804 	2722 	2763 	2619 	2434 	2260 	2116 	2013 	1962 	2064 	2075 	2095 	2177 	2054 	1962 	1900 	1859 	1859 	1818 	1767 	1736 	1725 	1787 	1900 	2034 	2260 	2280 	2136 	2075 	2075 	2095 	2177 	2167 	2085 	2064 	2126 	2311 	2455 	2527 	2537 	2537 	2486 	2434 	2414 	2486 	2773 	2907 	2794 	2670 	2650 	2557 	2588 	2578 	2455 	2383 	2383 	2393 	2352 	2249 	2136 	2034 	1941 	1859 	1808 	1736 	1684 	1633 	1571 	1520 	1458 	1428 	1387 	1376 	1345 	1304 	1253 	1222 
1869 	1787 	1982 	2383 	2434 	2342 	2208 	2147 	2198 	2075 	2013 	2034 	2208 	2075 	2003 	2475 	2958 	3369 	3543 	3965 	4458 	4879 	4704 	4725 	4868 	4694 	4232 	4396 	4478 	4211 	3995 	3718 	3461 	3276 	3307 	3348 	3934 	4149 	3821 	3451 	3184 	2948 	2722 	2537 	2342 	2229 	2198 	2106 	2136 	2167 	2229 	2167 	2075 	1993 	1900 	1838 	1777 	1705 	1684 	1695 	1695 	1664 	1643 	1725 	1828 	1869 	1849 	1900 	1900 	1880 	1849 	1849 	1828 	1777 	1736 	1705 	1674 	1613 	1541 	1500 	1448 	1407 	1376 	1325 	1294 	1253 	1232 	1212 	1181 	1171 	1171 	1130 
2876 	2845 	2465 	2301 	2434 	2465 	2486 	2362 	2218 	2239 	2444 	3009 	3718 	3790 	3543 	3204 	2835 	2578 	2383 	2249 	2157 	2290 	2321 	2208 	2095 	1982 	1982 	1787 	1695 	1602 	1541 	1500 	1551 	1561 	1561 	1684 	1623 	1623 	1674 	1643 	1592 	1510 	1448 	1387 	1335 	1294 	1253 	1202 	1161 	1120 	1078 	1058 	1120 	1232 	1202 	1130 	1078 	1037 	1004 	983 	983 	997 	970 	955 	935 	914 	914 	921 	901 	875 	881 	888 	908 	914 	935 	970 	1058 	1068 	1068 	1048 	997 	955 	927 	901 	901 	942 	914 	888 	862 	849 	862 	997 
3646 	3923 	4252 	4509 	4858 	4940 	4488 	3872 	3430 	3092 	2896 	2773 	2958 	3585 	3749 	4016 	3882 	3574 	3256 	2907 	2640 	2537 	2640 	2537 	2403 	2568 	2640 	2866 	2876 	2937 	2804 	2958 	2876 	2732 	2691 	2783 	2876 	2855 	2814 	2999 	3092 	3143 	3174 	3215 	3256 	3831 	4375 	4262 	3954 	3708 	3574 	3451 	3348 	3174 	2958 	2773 	2599 	2455 	2321 	2198 	2147 	2095 	2034 	1951 	1951 	2013 	2023 	2013 	1962 	1921 	1921 	1910 	1900 	1910 	1900 	1859 	1808 	1767 	1705 	1654 	1592 	1520 	1469 	1417 	1387 	1356 	1315 	1284 	1253 	1232 	1191 	1171 
2085 	2157 	2239 	2290 	2229 	2147 	2106 	2188 	2393 	2568 	2732 	2794 	2732 	2773 	2927 	3225 	3513 	3708 	3985 	4427 	4694 	4509 	4160 	3934 	3882 	3913 	3944 	3862 	3626 	3585 	3913 	3944 	3841 	3687 	3461 	3153 	2866 	2619 	2465 	2475 	2373 	2198 	2085 	2013 	2003 	1972 	1962 	1931 	1921 	1931 	1921 	1921 	1880 	1890 	1921 	1962 	1951 	1859 	1756 	1674 	1643 	1643 	1623 	1571 	1541 	1561 	1582 	1592 	1592 	1623 	1633 	1633 	1633 	1602 	1582 	1571 	1551 	1520 	1500 	1458 	1448 	1417 	1376 	1315 	1263 	1222 	1202 	1161 	1130 	1109 	1089 	1068 
4324 	4714 	4796 	4540 	4283 	4201 	4899 	6121 	6604 	6707 	6481 	6440 	6779 	6840 	6840 	7210 	7508 	7354 	6779 	6368 	5967 	5382 	5310 	5300 	5310 	5053 	5063 	4981 	4868 	4992 	4909 	4848 	4920 	4796 	4879 	5279 	5700 	5813 	5392 	5002 	4807 	4570 	4324 	4232 	3944 	3718 	3646 	3636 	3554 	3636 	3769 	3677 	3482 	3297 	3133 	3040 	2927 	2794 	2681 	2588 	2527 	2444 	2362 	2270 	2188 	2136 	2075 	2003 	1941 	1880 	1828 	1756 	1705 	1654 	1613 	1571 	1530 	1510 	1489 	1469 	1438 	1428 	1407 	1387 	1366 	1356 	1335 	1325 	1294 	1274 	1243 	1284 
4139 	4026 	3636 	3266 	3133 	3020 	2958 	3143 	3359 	3482 	3554 	3215 	3061 	2948 	2763 	2804 	3112 	3554 	4036 	4550 	4468 	4283 	3954 	4190 	4509 	4262 	3995 	3739 	3451 	3297 	3235 	3338 	3379 	3441 	3513 	3543 	3400 	3441 	3585 	3841 	4324 	4612 	4437 	4201 	3954 	3656 	3369 	3174 	2979 	2855 	2753 	2629 	2578 	2588 	2640 	2783 	2711 	2609 	2506 	2352 	2218 	2157 	2157 	2147 	2106 	2064 	2075 	2260 	2362 	2331 	2260 	2167 	2085 	2034 	1951 	1910 	1880 	1838 	1797 	1777 	1767 	1715 	1664 	1613 	1561 	1520 	1500 	1438 	1397 	1366 	1345 	1315 
3204 	3102 	3554 	4262 	4642 	4026 	4242 	4242 	4139 	3882 	3862 	3985 	3790 	3554 	3667 	3821 	4098 	3903 	3615 	3266 	3153 	2927 	2732 	2557 	2414 	2362 	2434 	2290 	2198 	2239 	2373 	2691 	2670 	2619 	2537 	2670 	2835 	2958 	3307 	3626 	3739 	3708 	3574 	3492 	3430 	3667 	4242 	4540 	4437 	4416 	4006 	3769 	3667 	3430 	3235 	3122 	3061 	2937 	2876 	2794 	2753 	2742 	2650 	2578 	2609 	2732 	2927 	3050 	2958 	2670 	2475 	2352 	2249 	2167 	2085 	2003 	1921 	1828 	1767 	1695 	1643 	1602 	1551 	1510 	1479 	1469 	1428 	1397 	1345 	1315 	1294 	1253 
3030 	3050 	3153 	3410 	3554 	3656 	3913 	4170 	4232 	4283 	4519 	4591 	4570 	4221 	4026 	4098 	4006 	4139 	4324 	4067 	3913 	3800 	3841 	3800 	3687 	3513 	3266 	3081 	3061 	3122 	3081 	3143 	3112 	3020 	3112 	3266 	3359 	3359 	3369 	3472 	3626 	3605 	3585 	3759 	4170 	4612 	4930 	5084 	5259 	5187 	4899 	4581 	4365 	4108 	3841 	3605 	3369 	3174 	3081 	3009 	2907 	2804 	2742 	2670 	2609 	2527 	2434 	2352 	2290 	2270 	2229 	2126 	2034 	1972 	1900 	1838 	1787 	1736 	1705 	1654 	1602 	1571 	1551 	1571 	1643 	1623 	1561 	1510 	1448 	1397 	1356 	1335 
3101 	3346 	3681 	4020 	4370 	4174 	4034 	4103 	4047 	3797 	3848 	3954 	3703 	3381 	3036 	2852 	2720 	2599 	2521 	2772 	3000 	3502 	4215 	4904 	5760 	6145 	6079 	6561 	6899 	7121 	7484 	7574 	7366 	7001 	6605 	6528 	6362 	6175 	5814 	5497 	5168 	4886 	4494 	4198 	4130 	4324 	4276 	4108 	3928 	3797 	3645 	3415 	3223 	3085 	3009 	2962 	2903 	2851 	2870 	2961 	3055 	3077 	3107 	3020 	2879 	2757 	2606 	2506 	2434 	2365 	2281 	2211 	2170 	2118 	2063 	1998 	1943 	1882 	1835 	1792 	1750 	1707 	1665 	1614 	1572 	1539 	1515 	1492 	1469 	1424 	1391 	1359 
1844 	1713 	1630 	1721 	1879 	2187 	2524 	2790 	2818 	2825 	2802 	2682 	2562 	2802 	3177 	3491 	3637 	3667 	3361 	3005 	2717 	2435 	2338 	2465 	2442 	2437 	2472 	2392 	2491 	2497 	2626 	2756 	2817 	2790 	2663 	2530 	2492 	2676 	2943 	3163 	3252 	3276 	3224 	3143 	3019 	2771 	2526 	2345 	2187 	2122 	2130 	2102 	2085 	2225 	2279 	2307 	2295 	2210 	2113 	2017 	1924 	1890 	1927 	1994 	2047 	2024 	1957 	1889 	1849 	1854 	1821 	1772 	1757 	1736 	1682 	1617 	1561 	1497 	1462 	1402 	1359 	1307 	1272 	1242 	1231 	1232 	1224 	1211 	1182 	1151 	1121 	1089 
3389 	3184 	3009 	2824 	2866 	2927 	2999 	2907 	2732 	2691 	2701 	2794 	2588 	2301 	2085 	1972 	1910 	1828 	1736 	1767 	1736 	1674 	1736 	1756 	1777 	1736 	1746 	1756 	1787 	1828 	1921 	1962 	2044 	2147 	2229 	2249 	2280 	2147 	2085 	2013 	1951 	1910 	1910 	1921 	2054 	2239 	2301 	2157 	2034 	1931 	1931 	1910 	1900 	1962 	1982 	1993 	1972 	1869 	1849 	1900 	1941 	1951 	1951 	1982 	1962 	1869 	1787 	1705 	1633 	1571 	1520 	1489 	1458 	1438 	1428 	1387 	1345 	1294 	1037 	1222 	1181 	1150 	1130 	1109 	1089 	1058 	1037 	1026 	1012 	997 	976 	956 
2215 	2300 	2224 	2173 	2063 	1986 	1944 	1969 	2105 	2198 	2971 	3217 	2945 	2648 	2470 	2351 	2385 	3056 	3480 	3438 	3047 	2809 	2614 	2444 	2326 	2275 	2495 	2920 	3225 	3488 	3947 	3930 	3862 	4626 	4286 	3913 	3913 	3964 	4083 	4133 	3955 	3785 	3675 	3590 	3828 	4057 	4006 	3726 	3412 	3149 	2928 	2725 	2597 	2512 	2436 	2343 	2258 	2224 	2173 	2130 	2130 	2190 	2198 	2198 	2173 	2130 	2046 	1969 	1901 	1859 	1910 	2020 	1927 	1876 	1825 	1748 	1655 	1587 	1528 	1468 	1417 	1367 	1316 	1282 	1256 	1222 	1205 	1180 	1154 	1137 	1103 	1086 
5721 	5551 	5441 	5653 	5967 	6434 	6306 	6035 	5984 	5984 	5882 	5415 	4906 	4660 	4515 	4218 	3938 	3658 	3497 	3327 	3336 	3336 	3633 	3811 	3675 	3463 	3395 	3769 	4049 	3896 	3701 	3421 	3225 	2971 	2767 	2614 	2521 	2427 	2309 	2190 	2088 	2096 	2156 	1995 	1893 	1901 	1935 	1927 	1884 	1867 	1884 	1927 	1893 	1799 	1740 	2012 	2088 	2037 	2096 	2173 	2198 	2275 	2368 	2563 	2869 	2860 	2580 	2377 	2232 	2139 	2063 	2003 	1986 	1995 	1995 	1910 	1884 	1867 	1765 	1715 	1664 	1596 	1536 	1494 	1460 	1426 	1417 	1409 	1392 	1383 	1375 	1375 
2979 	2691 	2352 	2157 	2136 	2198 	2116 	1941 	1797 	1921 	2064 	2095 	2034 	1921 	1900 	1890 	2054 	2106 	2095 	2126 	2321 	2629 	3204 	3923 	4375 	4129 	3810 	3831 	3667 	3184 	2732 	2383 	2157 	2023 	2003 	2013 	2034 	2198 	2177 	2188 	2342 	2444 	2629 	2855 	2917 	2979 	2958 	2948 	2783 	2537 	2352 	2167 	2044 	1941 	1828 	1725 	1664 	1643 	1561 	1489 	1438 	1397 	1366 	1356 	1366 	1356 	1335 	1417 	1551 	1520 	1448 	1500 	1520 	1458 	1407 	1376 	1315 	1274 	1253 	1232 	1212 	1191 	1191 	1181 	1161 	1140 	1109 	1078 	1068 	1037 	1011 	980 
7641 	6666 	5762 	5094 	4550 	4129 	4622 	4981 	4632 	4221 	3697 	3287 	3009 	2732 	2496 	2280 	2136 	2034 	1931 	1859 	1808 	1787 	1797 	1808 	1869 	1910 	1941 	1890 	1838 	1808 	1787 	1890 	2064 	2301 	2362 	2506 	2588 	2968 	2948 	2866 	2701 	2588 	2465 	2342 	2249 	2147 	2106 	2116 	2229 	2362 	2383 	2342 	2342 	2321 	2280 	2198 	2106 	2023 	1951 	1869 	1808 	1756 	1746 	1746 	1756 	1705 	1664 	1643 	1613 	1561 	1541 	1541 	1541 	1510 	1458 	1417 	1366 	1345 	1335 	1335 	1315 	1284 	1243 	1222 	1171 	1150 	1120 	1089 	1058 	1037 	1013 	990 
2229 	2732 	3759 	3872 	3400 	3225 	3122 	2907 	2753 	2516 	2301 	2106 	1931 	1787 	1674 	1613 	1592 	1643 	1674 	1828 	1777 	1736 	1664 	1715 	1849 	2013 	2136 	2321 	2383 	2393 	2403 	2373 	2239 	2126 	1972 	1818 	1695 	1633 	1715 	1808 	1849 	1880 	2013 	2188 	2208 	2167 	2270 	2465 	2650 	2773 	2516 	2239 	2044 	1900 	1787 	1684 	1602 	1561 	1530 	1510 	1458 	1387 	1335 	1294 	1263 	1232 	1191 	1171 	1140 	1120 	1130 	1161 	1181 	1212 	1232 	1253 	1274 	1263 	1253 	1253 	1253 	1232 	1191 	1150 	1120 	1099 	1068 	1017 	975 	947 	940 	919 
2989 	3595 	4355 	5300 	5752 	5115 	4745 	4458 	4345 	4047 	3615 	3215 	2979 	2773 	2742 	2742 	2701 	2568 	2527 	2619 	2742 	3020 	3256 	3461 	3852 	4694 	5423 	5392 	5218 	5926 	6789 	6327 	5690 	5187 	4909 	4570 	4365 	4293 	4262 	4314 	4098 	3913 	3739 	3646 	3615 	3687 	3965 	4180 	4488 	4642 	4509 	4468 	4509 	4612 	4694 	4406 	4129 	3872 	3667 	3420 	3204 	3020 	2876 	2804 	2742 	2660 	2578 	2496 	2393 	2280 	2188 	2116 	2023 	1972 	1931 	1890 	1818 	1767 	1725 	1674 	1633 	1623 	1592 	1541 	1510 	1479 	1438 	1407 	1376 	1366 	1356 	1325 
4599 	4585 	4649 	4771 	4561 	4178 	3696 	3365 	3088 	2865 	2739 	2699 	2749 	2892 	3051 	2896 	2649 	2441 	2346 	2356 	2281 	2185 	2060 	1972 	1879 	1823 	1768 	1714 	1733 	1801 	1914 	2092 	2211 	2399 	2435 	2722 	3298 	3428 	3267 	2996 	2768 	2704 	2744 	2746 	2886 	3020 	3138 	3036 	2967 	2947 	2892 	2867 	2718 	2545 	2399 	2298 	2234 	2193 	2223 	2248 	2221 	2176 	2113 	2053 	2048 	2075 	1988 	1889 	1804 	1746 	1719 	1725 	1798 	1755 	1695 	1674 	1644 	1617 	1596 	1561 	1526 	1494 	1452 	1417 	1372 	1331 	1292 	1264 	1226 	1201 	1188 	1186 
1879 	1947 	1869 	1799 	1789 	1828 	1947 	2168 	2104 	2005 	2117 	2234 	2528 	2690 	2465 	2243 	2036 	1862 	1727 	1648 	1581 	1591 	1734 	2061 	2243 	2369 	2373 	2379 	2414 	2397 	2430 	2569 	2747 	2916 	2783 	2584 	2386 	2312 	2264 	2185 	2117 	2023 	1925 	1951 	2023 	2131 	2131 	2105 	2107 	2090 	2066 	2069 	2054 	2033 	2057 	2063 	2120 	2119 	2009 	1926 	1882 	1835 	1741 	1665 	1632 	1609 	1575 	1543 	1502 	1451 	1395 	1349 	1333 	1333 	1324 	1283 	1235 	1205 	1176 	1155 	1142 	1116 	1101 	1078 	1051 	1038 	1029 	1015 	996 	974 	948 	918 
2999 	2681 	2434 	2260 	2157 	2136 	2136 	2239 	2157 	2147 	2290 	2331 	2414 	2660 	2886 	3133 	3492 	3338 	3153 	3369 	3554 	3636 	3441 	3215 	3256 	3102 	3030 	3461 	3307 	2866 	2557 	2352 	2229 	2157 	2054 	1931 	1849 	1777 	1715 	1654 	1613 	1654 	1736 	1725 	1797 	2034 	2311 	2424 	2588 	2876 	3122 	3410 	3595 	3204 	2927 	2681 	2455 	2260 	2095 	2044 	2013 	2013 	2064 	2095 	2064 	1993 	1951 	1921 	1941 	1910 	1910 	1859 	1787 	1736 	1705 	1654 	1623 	1571 	1520 	1479 	1438 	1397 	1356 	1315 	1274 	1243 	1191 	1171 	1171 	1140 	1120 	1099 
3564 	4047 	3821 	3317 	2999 	3050 	2958 	2907 	3092 	3626 	4108 	3677 	3266 	2948 	2722 	2619 	2537 	2773 	3030 	2917 	2681 	2486 	2331 	2218 	2136 	2044 	1931 	1838 	1808 	1818 	1921 	2013 	1921 	1828 	1838 	1900 	2075 	2126 	2075 	2126 	2475 	2455 	2373 	2331 	2352 	2352 	2342 	2270 	2126 	2106 	2177 	2136 	2147 	2280 	2260 	2239 	2301 	2527 	2527 	2321 	2147 	2023 	1910 	1797 	1715 	1695 	1664 	1602 	1551 	1510 	1500 	1469 	1458 	1469 	1438 	1387 	1345 	1335 	1284 	1243 	1222 	1202 	1191 	1171 	1150 	1130 	1099 	1078 	1048 	1027 	999 	981 
3667 	3708 	3533 	3605 	3800 	3451 	3174 	3009 	2845 	2732 	2547 	2403 	2229 	2075 	1982 	1972 	1931 	2054 	2167 	2136 	2403 	2383 	2290 	2311 	2414 	2578 	2763 	2732 	2773 	2937 	3276 	3574 	3430 	3112 	2989 	3050 	3194 	3430 	3749 	3687 	3328 	3050 	2907 	2855 	2753 	2701 	2557 	2537 	2424 	2280 	2157 	2054 	1962 	1910 	1880 	1900 	1838 	1767 	1725 	1736 	1756 	1746 	1746 	1838 	2239 	2373 	2434 	3133 	3739 	3266 	2979 	2670 	2465 	2301 	2167 	2044 	1951 	1859 	1777 	1715 	1674 	1623 	1561 	1500 	1458 	1428 	1397 	1366 	1325 	1284 	1263 	1222 
2753 	2824 	2753 	3420 	3800 	3461 	2979 	2722 	2701 	2670 	2794 	2896 	3276 	3862 	4673 	5556 	5793 	6296 	6666 	6224 	5813 	5515 	5063 	4817 	4735 	4375 	4036 	3944 	3934 	3903 	4057 	4077 	3780 	3626 	3492 	3317 	3225 	3204 	3266 	3287 	3513 	3667 	3656 	3585 	3472 	3307 	3081 	2855 	2763 	2681 	2619 	2578 	2496 	2434 	2568 	2896 	2979 	2866 	2886 	3009 	3020 	2917 	2783 	2722 	2855 	3194 	3050 	2917 	2814 	2701 	2609 	2506 	2403 	2301 	2208 	2126 	2064 	2003 	1951 	1880 	1797 	1777 	1880 	2044 	1900 	1777 	1674 	1602 	1561 	1510 	1469 	1417 
2455 	2496 	2599 	2578 	2629 	2650 	2650 	2568 	2475 	2383 	2475 	2475 	2424 	2588 	2660 	2537 	2496 	2557 	2701 	2896 	3009 	2999 	3061 	3061 	2958 	2907 	2979 	3297 	3513 	3636 	3893 	3903 	3677 	3492 	3348 	3317 	3338 	3389 	3564 	3780 	3821 	3687 	3472 	3348 	3359 	3574 	3944 	3995 	3739 	3410 	3050 	2763 	2599 	2475 	2424 	2311 	2208 	2157 	2106 	2044 	1982 	1931 	1890 	1880 	1869 	1838 	1818 	1787 	1746 	1674 	1602 	1541 	1489 	1448 	1407 	1366 	1335 	1294 	1263 	1222 	1191 	1161 	1130 	1099 	1089 	1058 	1037 	1024 	1020 	1008 	1008 	999 
3605 	3307 	3081 	2866 	2732 	2496 	2270 	2126 	1993 	1890 	1869 	1828 	1725 	1643 	1561 	1510 	1520 	1520 	1479 	1500 	1489 	1592 	1818 	1808 	1787 	1828 	1828 	1921 	1941 	1880 	1880 	1972 	1962 	1962 	2013 	2126 	2260 	2475 	2455 	2486 	2681 	2640 	2475 	2547 	2835 	3266 	3513 	3677 	3852 	4026 	3995 	3965 	3831 	3667 	3533 	3359 	3163 	2979 	2814 	2711 	2609 	2537 	2444 	2311 	2218 	2147 	2075 	2013 	1951 	1859 	1777 	1705 	1654 	1602 	1571 	1551 	1530 	1489 	1448 	1417 	1397 	1356 	1325 	1294 	1284 	1274 	1263 	1232 	1212 	1181 	1150 	1130 
2958 	3040 	2855 	2855 	2732 	2537 	2465 	2383 	2280 	2054 	1880 	1797 	1828 	1880 	1859 	1849 	1921 	2116 	2568 	2907 	3174 	3133 	3143 	2845 	2609 	2321 	2064 	1849 	1725 	1746 	1777 	2013 	2044 	1849 	1684 	1582 	1541 	1520 	1561 	1643 	1654 	1725 	1643 	1551 	1684 	1818 	1705 	1654 	1633 	1571 	1541 	1571 	1571 	1520 	1510 	1500 	1500 	1510 	1551 	1623 	1674 	1643 	1582 	1530 	1469 	1417 	1417 	1458 	1428 	1417 	1397 	1366 	1335 	1294 	1274 	1274 	1284 	1325 	1345 	1294 	1315 	1304 	1284 	1253 	1222 	1171 	1130 	1089 	1068 	1037 	1008 	979 
3739 	3348 	2979 	2794 	2855 	2989 	2999 	3184 	3050 	2814 	2568 	2362 	2218 	2064 	1941 	1859 	1797 	1715 	1818 	2075 	2157 	2023 	1880 	1767 	1695 	1613 	1561 	1530 	1592 	1684 	1736 	2106 	1972 	1746 	1613 	1541 	1489 	1469 	1520 	1510 	1438 	1376 	1356 	1438 	1715 	1890 	1890 	1993 	2167 	2342 	2290 	2177 	2075 	2013 	1931 	1849 	1767 	1674 	1592 	1520 	1458 	1417 	1366 	1304 	1263 	1222 	1191 	1161 	1130 	1099 	1068 	1048 	1025 	1018 	1037 	1048 	1027 	1027 	1068 	1109 	1099 	1120 	1222 	1202 	1150 	1099 	1058 	1027 	1003 	984 	959 	940 
3622 	3681 	3635 	3365 	3040 	2715 	2502 	2351 	2209 	2131 	2100 	2263 	2423 	2390 	2258 	2136 	2060 	2032 	2131 	2407 	2571 	2438 	2556 	3001 	3618 	3881 	4042 	4216 	4351 	4351 	4252 	4082 	3905 	3735 	3508 	3653 	3896 	3957 	3873 	3858 	3825 	3799 	3629 	3542 	3456 	3408 	3438 	3490 	3528 	3596 	3693 	3743 	3815 	3917 	3871 	3661 	3376 	3231 	3240 	3155 	3033 	3036 	3096 	3079 	2967 	2789 	2639 	2525 	2415 	2307 	2192 	2113 	2045 	1970 	1914 	1867 	1824 	1782 	1767 	1774 	1739 	1687 	1666 	1669 	1666 	1622 	1567 	1516 	1471 	1436 	1406 	1374 
1481 	1537 	1485 	1525 	1548 	1451 	1383 	1304 	1237 	1185 	1139 	1097 	1056 	1027 	1005 	999 	1026 	1097 	1295 	1550 	1550 	1479 	1410 	1401 	1535 	1760 	2056 	2216 	2307 	2196 	2092 	2201 	2207 	2165 	2258 	2301 	2155 	2040 	2079 	2193 	2176 	2214 	2363 	2426 	2510 	2558 	2608 	2617 	2632 	2707 	2767 	2647 	2463 	2271 	2121 	2028 	1963 	1938 	1901 	1856 	1796 	1823 	1930 	2004 	2053 	2114 	2127 	2230 	2316 	2577 	2708 	2572 	2374 	2223 	2100 	1984 	1911 	1828 	1751 	1681 	1605 	1547 	1490 	1437 	1392 	1347 	1294 	1250 	1207 	1170 	1129 	1095 
3087 	2969 	2959 	2971 	3061 	3374 	3652 	4027 	4283 	4563 	4898 	4989 	4890 	4760 	4727 	4756 	4510 	4239 	4114 	4081 	4016 	3837 	3767 	3956 	4203 	4112 	3802 	3611 	3547 	3357 	3139 	3240 	3330 	3342 	3344 	3464 	3546 	3872 	4003 	3805 	3553 	3335 	3132 	2967 	2863 	2842 	3124 	3442 	3669 	4043 	4210 	4052 	3796 	3612 	3382 	3233 	3629 	3993 	4091 	4088 	4111 	4036 	3913 	3733 	3547 	3358 	3155 	2989 	2917 	2839 	2726 	2616 	2519 	2428 	2341 	2246 	2158 	2078 	2012 	1945 	1890 	1834 	1789 	1745 	1709 	1677 	1635 	1595 	1562 	1522 	1489 	1444 
2888 	2603 	2351 	2173 	2013 	1900 	1799 	1779 	1834 	1941 	2001 	1984 	2004 	2081 	2691 	3431 	3450 	3178 	2927 	3062 	3367 	3271 	3451 	3447 	3450 	3449 	3366 	3249 	3458 	3384 	3212 	3135 	3089 	3141 	3226 	3369 	3466 	3370 	3335 	3294 	3305 	3330 	3355 	3343 	3353 	3305 	3181 	3028 	2890 	2748 	2588 	2475 	2439 	2424 	2449 	2399 	2325 	2353 	2458 	2560 	2642 	2777 	2832 	2759 	2620 	2462 	2317 	2182 	2049 	1947 	1856 	1766 	1676 	1636 	1619 	1597 	1629 	1694 	1805 	1914 	2036 	1939 	1779 	1640 	1535 	1452 	1389 	1339 	1302 	1261 	1226 	1194 
3481 	3190 	2922 	2697 	2528 	2378 	2353 	2640 	2900 	2981 	2916 	2864 	2975 	3033 	3058 	3051 	3043 	3296 	3598 	4179 	4485 	4412 	4145 	3961 	3793 	3604 	3496 	3390 	3219 	3011 	2846 	2742 	2792 	2892 	3052 	3361 	3699 	3705 	3614 	3559 	3446 	3386 	3472 	3639 	3789 	3788 	3733 	3931 	4149 	4314 	4358 	4295 	4061 	3716 	3397 	3145 	3006 	2898 	2788 	2725 	2713 	2720 	2775 	2751 	2691 	2626 	2615 	2608 	2666 	2934 	3423 	3525 	3294 	3091 	2925 	2807 	2782 	2860 	2961 	3056 	3116 	2956 	2741 	2582 	2485 	2367 	2242 	2159 	2085 	2021 	1963 	1913 
3364 	3353 	3337 	3090 	2845 	2624 	2429 	2268 	2141 	2041 	1988 	1888 	1822 	1817 	1837 	1881 	1967 	2005 	2035 	2242 	2467 	2660 	2578 	2443 	2516 	2813 	3245 	3286 	3280 	3494 	3576 	3690 	3549 	3292 	3126 	3041 	2997 	2787 	2724 	2777 	2766 	2831 	2976 	2942 	2997 	3289 	3479 	4100 	4601 	4536 	4200 	3867 	3580 	3345 	3334 	3280 	3065 	2915 	3042 	3104 	3219 	3245 	3290 	3260 	3237 	3217 	3149 	3125 	3134 	3094 	2967 	2827 	2714 	2661 	2593 	2496 	2410 	2335 	2256 	2195 	2128 	2055 	1980 	1915 	1859 	1785 	1732 	1689 	1654 	1615 	1565 	1502 
3457 	4077 	4589 	4799 	4862 	5100 	5003 	4865 	5334 	6039 	6222 	5956 	5900 	6284 	7170 	7446 	6872 	6097 	5511 	5388 	5420 	5166 	4819 	4453 	4219 	4185 	4372 	4390 	4536 	4982 	4932 	4593 	4254 	3998 	3903 	3838 	3631 	3444 	3385 	3282 	3134 	3047 	3416 	3735 	3484 	3213 	3043 	2909 	2850 	2767 	2660 	2630 	2536 	2436 	2371 	2405 	2518 	2646 	2741 	2766 	2658 	2518 	2421 	2318 	2243 	2165 	2098 	2055 	2027 	1977 	1914 	1832 	1767 	1720 	1674 	1631 	1596 	1562 	1529 	1506 	1474 	1441 	1419 	1398 	1376 	1353 	1334 	1313 	1289 	1278 	1261 	1241 
2970 	3210 	3394 	3476 	3157 	2747 	2391 	2133 	1940 	1810 	1692 	1602 	1537 	1564 	1676 	1851 	1820 	1767 	1722 	1641 	1604 	1693 	1846 	1949 	2113 	2237 	2393 	2357 	2245 	2302 	2416 	2428 	2261 	2068 	1903 	1767 	1665 	1567 	1516 	1536 	1594 	1552 	1501 	1462 	1468 	1496 	1553 	1631 	1811 	1956 	2026 	2036 	2034 	2002 	1968 	1946 	1931 	1866 	1797 	1772 	1734 	1642 	1562 	1482 	1419 	1366 	1331 	1298 	1264 	1229 	1198 	1149 	1128 	1154 	1229 	1274 	1267 	1249 	1257 	1239 	1216 	1176 	1176 	1272 	1357 	1318 	1232 	1174 	1112 	1066 	1027 	996 
3716 	4076 	4770 	4819 	4892 	4930 	4956 	5011 	5001 	5086 	5247 	5383 	5458 	5354 	5081 	5320 	5702 	5569 	5646 	5567 	5653 	5884 	5874 	6041 	6352 	6824 	7023 	6599 	6673 	7116 	6762 	6141 	5634 	5363 	4930 	4422 	3987 	3665 	3427 	3299 	3273 	3278 	3194 	3216 	3188 	3069 	3018 	2995 	3035 	3077 	3022 	2960 	2964 	3099 	3247 	3143 	3031 	2915 	2845 	2814 	2952 	2982 	3026 	3060 	3083 	3091 	3031 	2893 	2746 	2622 	2503 	2400 	2294 	2215 	2132 	2075 	2025 	1982 	1932 	1867 	1822 	1771 	1727 	1699 	1649 	1626 	1583 	1543 	1518 	1486 	1466 	1444 
1752 	1692 	1664 	1734 	1721 	1647 	1532 	1439 	1402 	1344 	1281 	1248 	1223 	1233 	1263 	1366 	1399 	1373 	1318 	1276 	1288 	1550 	1945 	2248 	2472 	2398 	2277 	2132 	2062 	1992 	1857 	1724 	1631 	1668 	1752 	1860 	1829 	1752 	1702 	1592 	1527 	1517 	1572 	1711 	1727 	1696 	1657 	1657 	1733 	1881 	1966 	1916 	1804 	1698 	1656 	1656 	1606 	1504 	1408 	1313 	1241 	1179 	1134 	1098 	1066 	1045 	1029 	1017 	1001 	994 	978 	992 	1006 	992 	966 	935 	905 	882 	858 	841 	825 	810 	794 	782 	772 	766 	760 	752 	740 	725 	713 	704 
1709 	1723 	1962 	2264 	2279 	2231 	2221 	2097 	2073 	2035 	2001 	2320 	2708 	2655 	2694 	2621 	2688 	2753 	2667 	2460 	2247 	2192 	2172 	2015 	2024 	2054 	2312 	2550 	2436 	2452 	2499 	2349 	2189 	2094 	2074 	2074 	2056 	2021 	2046 	2061 	2053 	2064 	2357 	2547 	2710 	2792 	2777 	2810 	2844 	2870 	2955 	3016 	3156 	3491 	3561 	3330 	3045 	2870 	2765 	2712 	2587 	2447 	2324 	2232 	2164 	2101 	2046 	1988 	1921 	1879 	1832 	1776 	1738 	1691 	1649 	1608 	1549 	1481 	1428 	1393 	1368 	1338 	1316 	1279 	1249 	1209 	1178 	1156 	1126 	1105 	1085 	1056 
4503 	4899 	4856 	4460 	4129 	3954 	4100 	4001 	3668 	3365 	3277 	3593 	3895 	4044 	3996 	3889 	3769 	3443 	3084 	2788 	2550 	2373 	2242 	2115 	2009 	1956 	1912 	1911 	2026 	2286 	2441 	2467 	2392 	2323 	2325 	2387 	2365 	2367 	2424 	2586 	2750 	2808 	2811 	2936 	2983 	2824 	2644 	2489 	2349 	2334 	2347 	2314 	2280 	2397 	2455 	2372 	2310 	2299 	2274 	2281 	2282 	2289 	2369 	2394 	2324 	2227 	2147 	2081 	2027 	1966 	1921 	1868 	1849 	1826 	1786 	1754 	1704 	1663 	1603 	1569 	1523 	1484 	1449 	1408 	1376 	1335 	1298 	1268 	1248 	1226 	1233 	1261 
2001 	1949 	1905 	1858 	1847 	1815 	1748 	1788 	1760 	1933 	2193 	2255 	2171 	2078 	1970 	1946 	1933 	1930 	2294 	2559 	2558 	2538 	2565 	2431 	2256 	2125 	2023 	1957 	1905 	1815 	1700 	1668 	1694 	1745 	2041 	2646 	2526 	2272 	2073 	1923 	1817 	1745 	1682 	1635 	1632 	1672 	1819 	1981 	2005 	2012 	2170 	2225 	2128 	2018 	1960 	2012 	2300 	2488 	2532 	2559 	2444 	2302 	2209 	2106 	1998 	1890 	1818 	1752 	1687 	1640 	1579 	1532 	1499 	1464 	1446 	1416 	1376 	1342 	1326 	1312 	1292 	1262 	1232 	1192 	1162 	1139 	1116 	1086 	1064 	1053 	1039 	1023 
4076 	3954 	4125 	4389 	4440 	4339 	4590 	4576 	4880 	5291 	4992 	4668 	4889 	4849 	4723 	5050 	5412 	5298 	4966 	4510 	4419 	4381 	4443 	4555 	4492 	4318 	4234 	4505 	4759 	5513 	6667 	7488 	7411 	7329 	7181 	7397 	7273 	6631 	5870 	5254 	4771 	4365 	4037 	3740 	3471 	3211 	2988 	2833 	2697 	2588 	2633 	2692 	2596 	2513 	2484 	2449 	2432 	2541 	2681 	2650 	2580 	2502 	2421 	2344 	2272 	2244 	2182 	2139 	2103 	2053 	2001 	2001 	1983 	1936 	1894 	1879 	1858 	1811 	1754 	1696 	1735 	1905 	2028 	2067 	1982 	1881 	1822 	1761 	1708 	1654 	1619 	1569 
2541 	2383 	2207 	2087 	1999 	1968 	1878 	1794 	1781 	1910 	2245 	2892 	2986 	2866 	2799 	2994 	3041 	3168 	3288 	3235 	3530 	3961 	4414 	4404 	4776 	4895 	4529 	4151 	3872 	3856 	3812 	4066 	4490 	4777 	4554 	4186 	4141 	4298 	4173 	3887 	3521 	3198 	2962 	2800 	2708 	2816 	2960 	2976 	3152 	3258 	3276 	3084 	2871 	2735 	2598 	2447 	2285 	2160 	2049 	2027 	2051 	2032 	1979 	1924 	1862 	1806 	1758 	1736 	1746 	1746 	1751 	1743 	1750 	1766 	1768 	1743 	1708 	1735 	1766 	1766 	1746 	1725 	1693 	1695 	1681 	1661 	1615 	1575 	1533 	1500 	1453 	1423 
2483 	2454 	2471 	2411 	2482 	2575 	2637 	2739 	3040 	3329 	3181 	3043 	2847 	2584 	2462 	2611 	2652 	2835 	3341 	3575 	3545 	3534 	3905 	3997 	3895 	3991 	4349 	4689 	4982 	5315 	5144 	5055 	4848 	4599 	4258 	4004 	4096 	4105 	4123 	4197 	4170 	4173 	4251 	4306 	4420 	4591 	4541 	4813 	4884 	4709 	4492 	4192 	3876 	3615 	3380 	3184 	3044 	2919 	2801 	2699 	2610 	2578 	2563 	2605 	2600 	2546 	2488 	2381 	2297 	2215 	2130 	2054 	1975 	1919 	1857 	1821 	1779 	1737 	1687 	1652 	1621 	1599 	1567 	1547 	1516 	1486 	1456 	1444 	1434 	1437 	1412 	1361 
3493 	3321 	2940 	2630 	2429 	2310 	2133 	2022 	2105 	2648 	3105 	3285 	3397 	3695 	3512 	3095 	2772 	2718 	2635 	2780 	3151 	3155 	3133 	3435 	3496 	3720 	3893 	4172 	4381 	4542 	4384 	4452 	4275 	4114 	4153 	4147 	4177 	3853 	3691 	3575 	3522 	3667 	3650 	3550 	3549 	3481 	3332 	3211 	3104 	3019 	2915 	2867 	2961 	3029 	3015 	2900 	2772 	2674 	2550 	2414 	2342 	2305 	2255 	2334 	2426 	2414 	2305 	2196 	2114 	2121 	2183 	2116 	2018 	1923 	1850 	1771 	1715 	1667 	1618 	1584 	1535 	1484 	1447 	1420 	1389 	1357 	1329 	1302 	1279 	1256 	1234 	1214 
4492 	4387 	4286 	4045 	3632 	3271 	3100 	3029 	3023 	3450 	4043 	4526 	4840 	4838 	4472 	4082 	3927 	3919 	3572 	3171 	2871 	2655 	2520 	2469 	2464 	2496 	2493 	2553 	2525 	2446 	2374 	2306 	2191 	2070 	1945 	1871 	1818 	1783 	1740 	1757 	1797 	1802 	1834 	1829 	1787 	1802 	1852 	1902 	1969 	2047 	2059 	2015 	1952 	1938 	2080 	2247 	2290 	2345 	2407 	2480 	2472 	2421 	2385 	2347 	2297 	2302 	2302 	2215 	2091 	1983 	1887 	1810 	1769 	1715 	1659 	1597 	1549 	1515 	1467 	1422 	1399 	1372 	1351 	1339 	1309 	1279 	1249 	1217 	1177 	1144 	1097 	1062 
2206 	2040 	2013 	2129 	2306 	2284 	2110 	2010 	2041 	2074 	2209 	2332 	2586 	2819 	3004 	3174 	3504 	4142 	4793 	4772 	4349 	4102 	3940 	3803 	3700 	3526 	3406 	3443 	3401 	3321 	3559 	3802 	3906 	4308 	4705 	5094 	5156 	5071 	5099 	5236 	5834 	5784 	5160 	4988 	5003 	4657 	4671 	4591 	4221 	4011 	3840 	3803 	4206 	4226 	3953 	3708 	3510 	3339 	3183 	3011 	2851 	2700 	2577 	2490 	2430 	2395 	2357 	2344 	2279 	2170 	2080 	2011 	1956 	1894 	1839 	1779 	1716 	1657 	1602 	1558 	1524 	1493 	1469 	1448 	1409 	1393 	1369 	1349 	1358 	1378 	1346 	1331 
4167 	4095 	4073 	4126 	4045 	3909 	3677 	3454 	3286 	3178 	3132 	2990 	2877 	2922 	3026 	3249 	3483 	3604 	3670 	3533 	3333 	3207 	3093 	3005 	2967 	2955 	3034 	3269 	3430 	3602 	3775 	3815 	3923 	3885 	3826 	3709 	3636 	3762 	4132 	4674 	4431 	4083 	3804 	3691 	3501 	3223 	2964 	2744 	2566 	2438 	2321 	2316 	2336 	2331 	2285 	2235 	2221 	2271 	2375 	2427 	2385 	2330 	2386 	2413 	2333 	2251 	2203 	2347 	2363 	2276 	2205 	2143 	2100 	2052 	2015 	1964 	1962 	1989 	1935 	1872 	1814 	1742 	1679 	1634 	1579 	1534 	1499 	1469 	1431 	1389 	1356 	1324 
3631 	4210 	4479 	4910 	5477 	6111 	6422 	5993 	5996 	6585 	7713 	8242 	8030 	7688 	6991 	6134 	5380 	4986 	4877 	4866 	4938 	5268 	5538 	5911 	5956 	5910 	6094 	6188 	6237 	6106 	5745 	5540 	5504 	5584 	5492 	5147 	5076 	5048 	4861 	4491 	4133 	3822 	3557 	3311 	3102 	2931 	2785 	2651 	2598 	2582 	2577 	2562 	2552 	2535 	2565 	2607 	2614 	2659 	2677 	2709 	2766 	2857 	2964 	3044 	3049 	2982 	2827 	2642 	2500 	2402 	2327 	2232 	2140 	2057 	1981 	1916 	1872 	1829 	1786 	1771 	1748 	1711 	1671 	1632 	1699 	1684 	1614 	1541 	1491 	1462 	1448 	1411 
1644 	1664 	1689 	1664 	1626 	1567 	1514 	1439 	1349 	1282 	1251 	1231 	1212 	1204 	1202 	1199 	1231 	1274 	1339 	1359 	1399 	1436 	1518 	1675 	1873 	1994 	2003 	1912 	1845 	1830 	1856 	1836 	1831 	1869 	1846 	1874 	1916 	1906 	1872 	1877 	1797 	1959 	2061 	2067 	2160 	2209 	2287 	2265 	2079 	2063 	1978 	1836 	1702 	1622 	1545 	1480 	1431 	1396 	1361 	1357 	1389 	1429 	1471 	1514 	1546 	1565 	1565 	1590 	1595 	1540 	1472 	1434 	1394 	1342 	1316 	1281 	1257 	1226 	1177 	1152 	1128 	1098 	1076 	1063 	1036 	1009 	985 	968 	954 	934 	918 	898 
2572 	2795 	2633 	2385 	2186 	2058 	1961 	2092 	2134 	2085 	2012 	2262 	2622 	2651 	2492 	2436 	2735 	2809 	2779 	2825 	2816 	2831 	2875 	2980 	3139 	3237 	3245 	3160 	3011 	2997 	3092 	3299 	3589 	4040 	4790 	4961 	4688 	4350 	4071 	3967 	4106 	4254 	4445 	4598 	4827 	4972 	4733 	4452 	4167 	3818 	3468 	3177 	2920 	2709 	2544 	2403 	2256 	2115 	2022 	1957 	1903 	1867 	1950 	1988 	2008 	1992 	2010 	1974 	1898 	1812 	1722 	1618 	1552 	1487 	1442 	1410 	1454 	1505 	1503 	1453 	1440 	1452 	1408 	1370 	1324 	1289 	1264 	1222 	1177 	1142 	1114 	1087 
2202 	2526 	3052 	3762 	4180 	4385 	4448 	4378 	4048 	3781 	3681 	3554 	3749 	3920 	3789 	3604 	3695 	4108 	4450 	4542 	4079 	3600 	3401 	3377 	3484 	3821 	4352 	4572 	4530 	4357 	4466 	4797 	4896 	4666 	4462 	4274 	4136 	3979 	3778 	3571 	3373 	3258 	3165 	3104 	3131 	3229 	3154 	3007 	2887 	2823 	2770 	2710 	2650 	2597 	2548 	2487 	2427 	2367 	2347 	2338 	2375 	2500 	2559 	2610 	2622 	2620 	2525 	2412 	2300 	2245 	2219 	2164 	2094 	2022 	1981 	1905 	1827 	1779 	1726 	1666 	1622 	1581 	1549 	1507 	1469 	1446 	1417 	1434 	1706 	1773 	1700 	1580 
4559 	4473 	4517 	4559 	4737 	4808 	4619 	4363 	4187 	4164 	4460 	4811 	5422 	5833 	5648 	5059 	4551 	4429 	4267 	4014 	3826 	3705 	3623 	3622 	3669 	3649 	3724 	3953 	4043 	3998 	3886 	3698 	3554 	3338 	3131 	2943 	2808 	2762 	2767 	2740 	2705 	2670 	2661 	2696 	2749 	2777 	2772 	2804 	2829 	2882 	2964 	3141 	3242 	3198 	3070 	2931 	2843 	2829 	2759 	2624 	2496 	2360 	2255 	2184 	2140 	2124 	2089 	2024 	1972 	1952 	1969 	2002 	2121 	2235 	2323 	2363 	2336 	2264 	2159 	2066 	1981 	1899 	1834 	1781 	1711 	1668 	1616 	1584 	1551 	1513 	1473 	1424 
2517 	2417 	2380 	2527 	2598 	2499 	2418 	2348 	2312 	2258 	2210 	2147 	2059 	2022 	2109 	2413 	2516 	2544 	2560 	2674 	2842 	3129 	3265 	3397 	3661 	3804 	4098 	4143 	3874 	3516 	3228 	3391 	3641 	4037 	4006 	3774 	3757 	3895 	4033 	3744 	3424 	3323 	3390 	3424 	3436 	3423 	3278 	3150 	3047 	3032 	3096 	3029 	2866 	2711 	2580 	2533 	2462 	2368 	2357 	2426 	2566 	2582 	2599 	2621 	2589 	2500 	2447 	2364 	2320 	2340 	2377 	2290 	2195 	2135 	2072 	2015 	2072 	2054 	2080 	2220 	2138 	2011 	1900 	1812 	1740 	1692 	1637 	1590 	1564 	1531 	1499 	1467 
2465 	2707 	3015 	3063 	3279 	3690 	3902 	3923 	3734 	3559 	3328 	3031 	2761 	2494 	2298 	2185 	2028 	1912 	1915 	1854 	1860 	1919 	2089 	2375 	2489 	2482 	2454 	2435 	2337 	2167 	1990 	1840 	1712 	1604 	1537 	1492 	1546 	1626 	1701 	1814 	1963 	2066 	2059 	2002 	1900 	1805 	1752 	1677 	1595 	1541 	1531 	1584 	1733 	1883 	2071 	2174 	2196 	2207 	2156 	2111 	2091 	2109 	2104 	2074 	2048 	2056 	2021 	1954 	1889 	1807 	1728 	1672 	1599 	1569 	1513 	1456 	1421 	1379 	1363 	1331 	1319 	1294 	1271 	1264 	1251 	1213 	1183 	1154 	1116 	1089 	1058 	1027 
3810 	3780 	4067 	4406 	4345 	4088 	3923 	3646 	3379 	3307 	3348 	3502 	3667 	3975 	3903 	3708 	3564 	3379 	3287 	3297 	3533 	3533 	3636 	3882 	3872 	3780 	3482 	3153 	3030 	2937 	2999 	3102 	3184 	3338 	3276 	3246 	3174 	3020 	2845 	2670 	2527 	2414 	2414 	2578 	2660 	2516 	2455 	2455 	2475 	2599 	2650 	2711 	2722 	2773 	2824 	2835 	2742 	2650 	2568 	2465 	2434 	2342 	2229 	2147 	2095 	2116 	2198 	2229 	2157 	2075 	2013 	1972 	1951 	1951 	1962 	1941 	1910 	1859 	1818 	1756 	1705 	1643 	1613 	1561 	1510 	1469 	1438 	1407 	1366 	1335 	1315 	1284 
3646 	3451 	3102 	2794 	2568 	2383 	2218 	2208 	2403 	2311 	2290 	2321 	2311 	2177 	2023 	1890 	1808 	1695 	1623 	1561 	1541 	1520 	1489 	1479 	1500 	1510 	1520 	1530 	1551 	1643 	1859 	2075 	2075 	2167 	2506 	2742 	3081 	3656 	3718 	3533 	3348 	3246 	3133 	3009 	2794 	2609 	2414 	2260 	2116 	2013 	1962 	1941 	1921 	1962 	1921 	1931 	1962 	2075 	2136 	2157 	2044 	1941 	1869 	1859 	1900 	1993 	2085 	2157 	2126 	2054 	1931 	1838 	1767 	1705 	1654 	1602 	1551 	1530 	1530 	1541 	1510 	1500 	1458 	1479 	1458 	1448 	1397 	1356 	1345 	1345 	1325 	1304 
2711 	2629 	2486 	2321 	2270 	2331 	2516 	2783 	2958 	3102 	3410 	3872 	4303 	4807 	4838 	4879 	4889 	4909 	4909 	4499 	3965 	3749 	4180 	4581 	4653 	4334 	4139 	4293 	4499 	4293 	3934 	3841 	3718 	3749 	4139 	4622 	4519 	4396 	4108 	4047 	4026 	4067 	4160 	4088 	3913 	3882 	3913 	3769 	3800 	3934 	4129 	4190 	4088 	3954 	3790 	3759 	3585 	3472 	3430 	3441 	3348 	3163 	2999 	2937 	2876 	2794 	2681 	2527 	2424 	2331 	2249 	2177 	2106 	2054 	1982 	1931 	1900 	1838 	1787 	1736 	1705 	1664 	1654 	1602 	1551 	1520 	1469 	1417 	1376 	1345 	1356 	1345 
