308 	362 	349 	324 	293 	273 	260 	257 	275 	270 	255 	245 	227 	210 	193 	201 	206 	205 	206 	213 	249 	266 	268 	247 	230 	246 	272 	290 	295 	297 	295 	273 	252 	247 	237 	262 	290 	288 	295 	298 	313 	338 	349 	370 	388 	391 	385 	390 	415 	395 	362 	336 	318 	313 	293 	271 	248 	227 	213 	198 	186 	172 	165 	162 	157 	157 	158 	161 	159 	155 	152 	150 	144 	141 	139 	136 	131 	130 	127 	124 	121 	119 	115 	109 	102 	96 	93 	90 	87 	84 	81 	78 
97 	96 	100 	102 	108 	112 	114 	109 	105 	111 	122 	129 	125 	128 	143 	158 	171 	175 	170 	162 	154 	154 	152 	166 	172 	163 	155 	158 	186 	219 	230 	226 	231 	225 	219 	244 	249 	243 	243 	234 	218 	203 	186 	181 	180 	173 	175 	185 	198 	206 	225 	211 	191 	175 	164 	157 	152 	150 	146 	141 	139 	137 	135 	131 	129 	128 	129 	128 	127 	127 	138 	199 	203 	177 	167 	162 	162 	157 	152 	147 	142 	139 	136 	132 	131 	132 	139 	144 	138 	127 	120 	116 
218 	213 	211 	213 	208 	199 	194 	198 	193 	185 	173 	157 	155 	151 	147 	147 	144 	143 	147 	152 	175 	182 	182 	183 	185 	199 	243 	262 	273 	295 	292 	295 	330 	360 	357 	328 	321 	324 	342 	355 	347 	318 	310 	335 	321 	288 	278 	268 	262 	248 	243 	267 	268 	252 	239 	228 	219 	205 	193 	186 	186 	201 	199 	201 	203 	193 	182 	172 	164 	158 	153 	145 	140 	134 	129 	125 	124 	121 	117 	112 	108 	106 	103 	101 	98 	96 	93 	92 	90 	87 	86 	84 
430 	472 	468 	441 	405 	377 	347 	312 	304 	309 	302 	306 	342 	384 	442 	454 	423 	408 	407 	375 	328 	317 	342 	380 	441 	456 	436 	399 	370 	348 	333 	303 	278 	260 	249 	255 	263 	267 	265 	252 	252 	255 	262 	249 	247 	242 	232 	227 	223 	228 	237 	260 	269 	276 	285 	282 	266 	252 	245 	240 	243 	252 	255 	260 	255 	244 	232 	224 	215 	208 	208 	206 	201 	193 	185 	178 	172 	167 	162 	157 	151 	146 	141 	138 	136 	134 	131 	128 	127 	124 	120 	116 
423 	432 	428 	389 	362 	349 	325 	343 	375 	411 	436 	443 	408 	369 	334 	303 	284 	262 	240 	221 	209 	208 	201 	193 	185 	178 	173 	172 	171 	174 	178 	176 	180 	188 	198 	201 	198 	192 	183 	179 	188 	190 	185 	186 	193 	191 	183 	180 	175 	175 	171 	168 	166 	169 	168 	170 	167 	165 	167 	171 	176 	178 	174 	169 	162 	158 	154 	147 	143 	138 	136 	134 	133 	139 	128 	125 	123 	119 	117 	115 	114 	117 	127 	122 	116 	114 	122 	120 	111 	106 	101 	98 
98 	96 	89 	85 	81 	80 	86 	92 	91 	86 	91 	109 	117 	122 	133 	143 	152 	150 	143 	137 	137 	126 	120 	118 	123 	135 	155 	157 	165 	175 	163 	158 	157 	152 	147 	143 	139 	143 	173 	193 	210 	229 	224 	231 	231 	230 	237 	222 	215 	216 	210 	192 	179 	165 	155 	146 	137 	129 	123 	119 	114 	109 	105 	104 	101 	97 	95 	93 	91 	91 	91 	90 	88 	86 	86 	86 	86 	89 	95 	98 	97 	96 	93 	90 	87 	85 	83 	81 	78 	77 	75 	74 
298 	280 	277 	313 	359 	387 	365 	329 	301 	317 	326 	293 	257 	229 	211 	196 	191 	193 	183 	170 	158 	148 	141 	137 	145 	145 	147 	152 	144 	137 	133 	130 	130 	127 	124 	122 	121 	125 	133 	142 	158 	160 	150 	145 	145 	147 	152 	152 	146 	145 	149 	162 	172 	177 	178 	178 	174 	170 	169 	174 	194 	203 	196 	187 	185 	179 	181 	180 	172 	167 	167 	168 	165 	157 	150 	142 	136 	130 	127 	122 	118 	114 	110 	106 	102 	100 	97 	96 	94 	91 	88 	86 
131 	125 	139 	167 	170 	164 	155 	150 	154 	145 	141 	142 	155 	145 	140 	173 	207 	236 	248 	278 	312 	342 	329 	331 	341 	329 	296 	308 	313 	295 	280 	260 	242 	229 	232 	234 	275 	290 	267 	242 	223 	206 	191 	178 	164 	156 	154 	147 	150 	152 	156 	152 	145 	139 	133 	129 	124 	119 	118 	119 	119 	116 	115 	121 	128 	131 	129 	133 	133 	132 	129 	129 	128 	124 	122 	119 	117 	113 	108 	105 	101 	98 	96 	93 	91 	88 	86 	85 	83 	82 	82 	79 
201 	199 	173 	161 	170 	173 	174 	165 	155 	157 	171 	211 	260 	265 	248 	224 	198 	180 	167 	157 	151 	160 	162 	155 	147 	139 	139 	125 	119 	112 	108 	105 	109 	109 	109 	118 	114 	114 	117 	115 	111 	106 	101 	97 	93 	91 	88 	84 	81 	78 	75 	74 	78 	86 	84 	79 	75 	73 	70 	69 	69 	70 	68 	67 	65 	64 	64 	64 	63 	61 	62 	62 	64 	64 	65 	68 	74 	75 	75 	73 	70 	67 	65 	63 	63 	66 	64 	62 	60 	59 	60 	70 
255 	275 	298 	316 	340 	346 	314 	271 	240 	216 	203 	194 	207 	251 	262 	281 	272 	250 	228 	203 	185 	178 	185 	178 	168 	180 	185 	201 	201 	206 	196 	207 	201 	191 	188 	195 	201 	200 	197 	210 	216 	220 	222 	225 	228 	268 	306 	298 	277 	260 	250 	242 	234 	222 	207 	194 	182 	172 	162 	154 	150 	147 	142 	137 	137 	141 	142 	141 	137 	134 	134 	134 	133 	134 	133 	130 	127 	124 	119 	116 	111 	106 	103 	99 	97 	95 	92 	90 	88 	86 	83 	82 
146 	151 	157 	160 	156 	150 	147 	153 	168 	180 	191 	196 	191 	194 	205 	226 	246 	260 	279 	310 	329 	316 	291 	275 	272 	274 	276 	270 	254 	251 	274 	276 	269 	258 	242 	221 	201 	183 	173 	173 	166 	154 	146 	141 	140 	138 	137 	135 	134 	135 	134 	134 	132 	132 	134 	137 	137 	130 	123 	117 	115 	115 	114 	110 	108 	109 	111 	111 	111 	114 	114 	114 	114 	112 	111 	110 	109 	106 	105 	102 	101 	99 	96 	92 	88 	86 	84 	81 	79 	78 	76 	75 
303 	330 	336 	318 	300 	294 	343 	428 	462 	469 	454 	451 	475 	479 	479 	505 	526 	515 	475 	446 	418 	377 	372 	371 	372 	354 	354 	349 	341 	349 	344 	339 	344 	336 	342 	370 	399 	407 	377 	350 	336 	320 	303 	296 	276 	260 	255 	255 	249 	255 	264 	257 	244 	231 	219 	213 	205 	196 	188 	181 	177 	171 	165 	159 	153 	150 	145 	140 	136 	132 	128 	123 	119 	116 	113 	110 	107 	106 	104 	103 	101 	100 	98 	97 	96 	95 	93 	93 	91 	89 	87 	90 
290 	282 	255 	229 	219 	211 	207 	220 	235 	244 	249 	225 	214 	206 	193 	196 	218 	249 	283 	318 	313 	300 	277 	293 	316 	298 	280 	262 	242 	231 	226 	234 	237 	241 	246 	248 	238 	241 	251 	269 	303 	323 	311 	294 	277 	256 	236 	222 	208 	200 	193 	184 	180 	181 	185 	195 	190 	183 	175 	165 	155 	151 	151 	150 	147 	145 	145 	158 	165 	163 	158 	152 	146 	142 	137 	134 	132 	129 	126 	124 	124 	120 	116 	113 	109 	106 	105 	101 	98 	96 	94 	92 
224 	217 	249 	298 	325 	282 	297 	297 	290 	272 	270 	279 	265 	249 	257 	267 	287 	273 	253 	229 	221 	205 	191 	179 	169 	165 	170 	160 	154 	157 	166 	188 	187 	183 	178 	187 	198 	207 	232 	254 	262 	260 	250 	244 	240 	257 	297 	318 	311 	309 	280 	264 	257 	240 	226 	219 	214 	206 	201 	196 	193 	192 	185 	180 	183 	191 	205 	214 	207 	187 	173 	165 	157 	152 	146 	140 	134 	128 	124 	119 	115 	112 	109 	106 	104 	103 	100 	98 	94 	92 	91 	88 
212 	214 	221 	239 	249 	256 	274 	292 	296 	300 	316 	321 	320 	295 	282 	287 	280 	290 	303 	285 	274 	266 	269 	266 	258 	246 	229 	216 	214 	219 	216 	220 	218 	211 	218 	229 	235 	235 	236 	243 	254 	252 	251 	263 	292 	323 	345 	356 	368 	363 	343 	321 	306 	288 	269 	252 	236 	222 	216 	211 	203 	196 	192 	187 	183 	177 	170 	165 	160 	159 	156 	149 	142 	138 	133 	129 	125 	122 	119 	116 	112 	110 	109 	110 	115 	114 	109 	106 	101 	98 	95 	93 
401 	362 	428 	611 	532 	729 	755 	698 	790 	842 	737 	807 	964 	825 	733 	615 	532 	502 	428 	297 	318 	270 	545 	886 	1008 	1287 	1697 	1597 	1671 	1409 	1418 	1684 	1688 	1409 	1182 	899 	881 	916 	886 	790 	763 	733 	781 	737 	611 	541 	654 	659 	633 	602 	624 	624 	593 	545 	528 	484 	458 	428 	371 	349 	384 	471 	602 	637 	580 	524 	493 	441 	410 	384 	375 	349 	318 	314 	301 	314 	301 	297 	279 	270 	266 	257 	253 	249 	244 	236 	227 	218 	209 	222 	214 	209 
462 	406 	371 	428 	423 	471 	541 	611 	711 	702 	615 	537 	484 	323 	257 	401 	471 	550 	667 	702 	628 	545 	419 	253 	323 	310 	244 	323 	214 	231 	175 	148 	205 	266 	301 	318 	297 	175 	113 	140 	218 	362 	436 	458 	449 	454 	414 	358 	336 	270 	240 	270 	279 	227 	262 	310 	305 	318 	301 	284 	275 	240 	231 	275 	257 	275 	284 	262 	236 	196 	214 	218 	205 	201 	218 	231 	214 	205 	192 	192 	183 	179 	166 	166 	161 	166 	170 	161 	166 	161 	161 	157 
237 	223 	211 	198 	201 	205 	210 	203 	191 	188 	189 	196 	181 	161 	146 	138 	134 	128 	122 	124 	122 	117 	122 	123 	124 	122 	122 	123 	125 	128 	134 	137 	143 	150 	156 	157 	160 	150 	146 	141 	137 	134 	134 	134 	144 	157 	161 	151 	142 	135 	135 	134 	133 	137 	139 	139 	138 	131 	129 	133 	136 	137 	137 	139 	137 	131 	125 	119 	114 	110 	106 	104 	102 	101 	100 	97 	94 	91 	73 	86 	83 	81 	79 	78 	76 	74 	73 	72 	71 	70 	68 	67 
155 	161 	156 	152 	144 	139 	136 	138 	147 	154 	208 	225 	206 	185 	173 	165 	167 	214 	244 	241 	213 	197 	183 	171 	163 	159 	175 	204 	226 	244 	276 	275 	270 	324 	300 	274 	274 	277 	286 	289 	277 	265 	257 	251 	268 	284 	280 	261 	239 	220 	205 	191 	182 	176 	171 	164 	158 	156 	152 	149 	149 	153 	154 	154 	152 	149 	143 	138 	133 	130 	134 	141 	135 	131 	128 	122 	116 	111 	107 	103 	99 	96 	92 	90 	88 	86 	84 	83 	81 	80 	77 	76 
400 	389 	381 	396 	418 	450 	441 	422 	419 	419 	412 	379 	343 	326 	316 	295 	276 	256 	245 	233 	233 	233 	254 	267 	257 	242 	238 	264 	283 	273 	259 	239 	226 	208 	194 	183 	176 	170 	162 	153 	146 	147 	151 	140 	132 	133 	135 	135 	132 	131 	132 	135 	132 	126 	122 	141 	146 	143 	147 	152 	154 	159 	166 	179 	201 	200 	181 	166 	156 	150 	144 	140 	139 	140 	140 	134 	132 	131 	124 	120 	116 	112 	108 	105 	102 	100 	99 	99 	97 	97 	96 	96 
208 	188 	165 	151 	150 	154 	148 	136 	126 	134 	145 	147 	142 	134 	133 	132 	144 	147 	147 	149 	162 	184 	224 	275 	306 	289 	267 	268 	257 	223 	191 	167 	151 	142 	140 	141 	142 	154 	152 	153 	164 	171 	184 	200 	204 	208 	207 	206 	195 	178 	165 	152 	143 	136 	128 	121 	116 	115 	109 	104 	101 	98 	96 	95 	96 	95 	93 	99 	109 	106 	101 	105 	106 	102 	98 	96 	92 	89 	88 	86 	85 	83 	83 	83 	81 	80 	78 	75 	75 	73 	71 	69 
535 	467 	403 	357 	318 	289 	324 	349 	324 	295 	259 	230 	211 	191 	175 	160 	150 	142 	135 	130 	127 	125 	126 	127 	131 	134 	136 	132 	129 	127 	125 	132 	145 	161 	165 	175 	181 	208 	206 	201 	189 	181 	173 	164 	157 	150 	147 	148 	156 	165 	167 	164 	164 	162 	160 	154 	147 	142 	137 	131 	127 	123 	122 	122 	123 	119 	116 	115 	113 	109 	108 	108 	108 	106 	102 	99 	96 	94 	93 	93 	92 	90 	87 	86 	82 	81 	78 	76 	74 	73 	71 	69 
156 	191 	263 	271 	238 	226 	219 	203 	193 	176 	161 	147 	135 	125 	117 	113 	111 	115 	117 	128 	124 	122 	116 	120 	129 	141 	150 	162 	167 	168 	168 	166 	157 	149 	138 	127 	119 	114 	120 	127 	129 	132 	141 	153 	155 	152 	159 	173 	185 	194 	176 	157 	143 	133 	125 	118 	112 	109 	107 	106 	102 	97 	93 	91 	88 	86 	83 	82 	80 	78 	79 	81 	83 	85 	86 	88 	89 	88 	88 	88 	88 	86 	83 	81 	78 	77 	75 	71 	68 	66 	66 	64 
209 	252 	305 	371 	403 	358 	332 	312 	304 	283 	253 	225 	208 	194 	192 	192 	189 	180 	177 	183 	192 	211 	228 	242 	270 	329 	380 	377 	365 	415 	475 	443 	398 	363 	344 	320 	306 	301 	298 	302 	287 	274 	262 	255 	253 	258 	278 	293 	314 	325 	316 	313 	316 	323 	329 	308 	289 	271 	257 	239 	224 	211 	201 	196 	192 	186 	180 	175 	168 	160 	153 	148 	142 	138 	135 	132 	127 	124 	121 	117 	114 	114 	111 	108 	106 	104 	101 	98 	96 	96 	95 	93 
322 	321 	325 	334 	319 	292 	259 	236 	216 	201 	192 	189 	192 	202 	214 	203 	185 	171 	164 	165 	160 	153 	144 	138 	132 	128 	124 	120 	121 	126 	134 	146 	155 	168 	170 	191 	231 	240 	229 	210 	194 	189 	192 	192 	202 	211 	220 	213 	208 	206 	202 	201 	190 	178 	168 	161 	156 	154 	156 	157 	155 	152 	148 	144 	143 	145 	139 	132 	126 	122 	120 	121 	126 	123 	119 	117 	115 	113 	112 	109 	107 	105 	102 	99 	96 	93 	90 	88 	86 	84 	83 	83 
132 	136 	131 	126 	125 	128 	136 	152 	147 	140 	148 	156 	177 	188 	173 	157 	143 	130 	121 	115 	111 	111 	121 	144 	157 	166 	166 	167 	169 	168 	170 	180 	192 	204 	195 	181 	167 	162 	158 	153 	148 	142 	135 	137 	142 	149 	149 	147 	148 	146 	145 	145 	144 	142 	144 	144 	148 	148 	141 	135 	132 	128 	122 	117 	114 	113 	110 	108 	105 	102 	98 	94 	93 	93 	93 	90 	86 	84 	82 	81 	80 	78 	77 	75 	74 	73 	72 	71 	70 	68 	66 	64 
210 	188 	170 	158 	151 	150 	150 	157 	151 	150 	160 	163 	169 	186 	202 	219 	244 	234 	221 	236 	249 	255 	241 	225 	228 	217 	212 	242 	232 	201 	179 	165 	156 	151 	144 	135 	129 	124 	120 	116 	113 	116 	122 	121 	126 	142 	162 	170 	181 	201 	219 	239 	252 	224 	205 	188 	172 	158 	147 	143 	141 	141 	145 	147 	145 	139 	137 	134 	136 	134 	134 	130 	125 	122 	119 	116 	114 	110 	106 	104 	101 	98 	95 	92 	89 	87 	83 	82 	82 	80 	78 	77 
249 	283 	267 	232 	210 	214 	207 	203 	216 	254 	288 	257 	229 	206 	191 	183 	178 	194 	212 	204 	188 	174 	163 	155 	150 	143 	135 	129 	127 	127 	134 	141 	134 	128 	129 	133 	145 	149 	145 	149 	173 	172 	166 	163 	165 	165 	164 	159 	149 	147 	152 	150 	150 	160 	158 	157 	161 	177 	177 	162 	150 	142 	134 	126 	120 	119 	116 	112 	109 	106 	105 	103 	102 	103 	101 	97 	94 	93 	90 	87 	86 	84 	83 	82 	81 	79 	77 	75 	73 	72 	70 	69 
257 	260 	247 	252 	266 	242 	222 	211 	199 	191 	178 	168 	156 	145 	139 	138 	135 	144 	152 	150 	168 	167 	160 	162 	169 	180 	193 	191 	194 	206 	229 	250 	240 	218 	209 	214 	224 	240 	262 	258 	233 	214 	203 	200 	193 	189 	179 	178 	170 	160 	151 	144 	137 	134 	132 	133 	129 	124 	121 	122 	123 	122 	122 	129 	157 	166 	170 	219 	262 	229 	208 	187 	173 	161 	152 	143 	137 	130 	124 	120 	117 	114 	109 	105 	102 	100 	98 	96 	93 	90 	88 	86 
193 	198 	193 	239 	266 	242 	208 	191 	189 	187 	196 	203 	229 	270 	327 	389 	405 	441 	467 	436 	407 	386 	354 	337 	331 	306 	283 	276 	275 	273 	284 	285 	265 	254 	244 	232 	226 	224 	229 	230 	246 	257 	256 	251 	243 	232 	216 	200 	193 	188 	183 	180 	175 	170 	180 	203 	208 	201 	202 	211 	211 	204 	195 	191 	200 	224 	214 	204 	197 	189 	183 	175 	168 	161 	155 	149 	145 	140 	137 	132 	126 	124 	132 	143 	133 	124 	117 	112 	109 	106 	103 	99 
172 	175 	182 	180 	184 	185 	185 	180 	173 	167 	173 	173 	170 	181 	186 	178 	175 	179 	189 	203 	211 	210 	214 	214 	207 	203 	208 	231 	246 	255 	272 	273 	257 	244 	234 	232 	234 	237 	249 	265 	267 	258 	243 	234 	235 	250 	276 	280 	262 	239 	214 	193 	182 	173 	170 	162 	155 	151 	147 	143 	139 	135 	132 	132 	131 	129 	127 	125 	122 	117 	112 	108 	104 	101 	98 	96 	93 	91 	88 	86 	83 	81 	79 	77 	76 	74 	73 	72 	71 	71 	71 	70 
252 	232 	216 	201 	191 	175 	159 	149 	139 	132 	131 	128 	121 	115 	109 	106 	106 	106 	104 	105 	104 	111 	127 	127 	125 	128 	128 	134 	136 	132 	132 	138 	137 	137 	141 	149 	158 	173 	172 	174 	188 	185 	173 	178 	198 	229 	246 	257 	270 	282 	280 	278 	268 	257 	247 	235 	221 	208 	197 	190 	183 	178 	171 	162 	155 	150 	145 	141 	137 	130 	124 	119 	116 	112 	110 	109 	107 	104 	101 	99 	98 	95 	93 	91 	90 	89 	88 	86 	85 	83 	81 	79 
207 	213 	200 	200 	191 	178 	173 	167 	160 	144 	132 	126 	128 	132 	130 	129 	134 	148 	180 	203 	222 	219 	220 	199 	183 	162 	145 	129 	121 	122 	124 	141 	143 	129 	118 	111 	108 	106 	109 	115 	116 	121 	115 	109 	118 	127 	119 	116 	114 	110 	108 	110 	110 	106 	106 	105 	105 	106 	109 	114 	117 	115 	111 	107 	103 	99 	99 	102 	100 	99 	98 	96 	93 	91 	89 	89 	90 	93 	94 	91 	92 	91 	90 	88 	86 	82 	79 	76 	75 	73 	71 	69 
262 	234 	208 	196 	200 	209 	210 	223 	214 	197 	180 	165 	155 	145 	136 	130 	126 	120 	127 	145 	151 	142 	132 	124 	119 	113 	109 	107 	111 	118 	122 	147 	138 	122 	113 	108 	104 	103 	106 	106 	101 	96 	95 	101 	120 	132 	132 	139 	152 	164 	160 	152 	145 	141 	135 	129 	124 	117 	111 	106 	102 	99 	96 	91 	88 	86 	83 	81 	79 	77 	75 	73 	72 	71 	73 	73 	72 	72 	75 	78 	77 	78 	86 	84 	81 	77 	74 	72 	70 	69 	67 	66 
615 	694 	702 	702 	637 	545 	510 	480 	449 	401 	345 	301 	301 	371 	393 	362 	318 	297 	214 	179 	214 	366 	388 	401 	288 	454 	510 	467 	428 	428 	484 	615 	572 	650 	685 	432 	362 	471 	593 	606 	624 	554 	554 	484 	441 	419 	366 	345 	419 	362 	301 	327 	305 	310 	375 	428 	441 	375 	345 	384 	406 	414 	441 	502 	497 	476 	423 	384 	358 	336 	323 	301 	279 	266 	249 	231 	222 	218 	205 	196 	236 	231 	201 	183 	201 	218 	205 	201 	188 	175 	175 	170 
214 	284 	332 	279 	288 	349 	301 	275 	257 	227 	209 	205 	195 	185 	196 	209 	200 	231 	305 	318 	371 	423 	397 	401 	358 	397 	388 	467 	471 	519 	563 	506 	550 	545 	659 	720 	650 	558 	476 	432 	519 	489 	406 	388 	345 	314 	288 	284 	270 	257 	257 	336 	380 	375 	349 	314 	301 	314 	349 	362 	362 	301 	240 	275 	301 	275 	310 	318 	414 	576 	711 	803 	729 	619 	558 	515 	454 	419 	401 	375 	358 	336 	318 	310 	297 	284 	275 	266 	257 	240 	236 	227 
602 	528 	449 	375 	375 	275 	270 	284 	327 	301 	314 	580 	689 	637 	524 	493 	558 	528 	436 	401 	414 	602 	576 	467 	406 	563 	615 	506 	497 	550 	528 	532 	558 	589 	489 	436 	467 	537 	672 	702 	672 	598 	589 	576 	593 	563 	462 	510 	715 	964 	1143 	1174 	1051 	934 	829 	724 	554 	646 	772 	737 	667 	654 	646 	646 	628 	606 	572 	528 	497 	502 	493 	467 	449 	419 	401 	388 	366 	340 	323 	305 	292 	275 	262 	253 	236 	231 	227 	227 	218 	218 	209 	196 
419 	458 	375 	301 	301 	266 	236 	183 	144 	135 	161 	249 	410 	349 	109 	188 	558 	606 	497 	270 	284 	506 	428 	497 	558 	528 	493 	476 	288 	489 	589 	545 	528 	454 	441 	449 	441 	532 	545 	462 	384 	345 	332 	327 	327 	332 	349 	340 	318 	314 	340 	305 	262 	249 	236 	262 	279 	301 	288 	266 	244 	179 	192 	262 	292 	297 	284 	270 	262 	231 	201 	201 	201 	175 	183 	205 	209 	275 	358 	567 	493 	528 	502 	397 	332 	297 	262 	236 	218 	214 	201 	196 
694 	558 	510 	471 	419 	393 	353 	345 	397 	401 	467 	410 	305 	327 	393 	428 	406 	362 	314 	236 	358 	537 	545 	454 	432 	436 	388 	397 	423 	428 	362 	323 	270 	297 	297 	401 	502 	572 	541 	476 	467 	414 	323 	262 	262 	445 	458 	375 	502 	567 	685 	676 	667 	654 	602 	545 	467 	419 	419 	384 	327 	292 	384 	428 	428 	388 	358 	366 	441 	462 	646 	942 	886 	720 	624 	550 	589 	689 	694 	654 	759 	811 	746 	615 	545 	524 	484 	423 	384 	349 	327 	301 
807 	619 	550 	611 	598 	541 	502 	445 	401 	375 	340 	340 	323 	257 	231 	214 	205 	253 	253 	166 	179 	345 	445 	432 	388 	432 	572 	681 	611 	410 	414 	345 	423 	510 	467 	506 	524 	550 	567 	524 	493 	454 	441 	510 	524 	449 	554 	532 	720 	973 	929 	790 	689 	624 	541 	585 	650 	598 	510 	567 	528 	545 	558 	585 	550 	576 	580 	572 	515 	515 	550 	524 	489 	428 	406 	414 	397 	384 	362 	332 	314 	305 	292 	279 	262 	253 	244 	236 	222 	227 	227 	218 
17 	17 	262 	476 	563 	558 	724 	624 	196 	262 	537 	707 	585 	567 	903 	1078 	1252 	1187 	960 	659 	689 	759 	742 	646 	580 	598 	563 	585 	467 	297 	563 	619 	515 	445 	380 	393 	506 	489 	545 	563 	567 	550 	681 	838 	833 	698 	593 	580 	532 	576 	611 	532 	493 	467 	428 	384 	340 	362 	401 	441 	445 	419 	375 	340 	327 	332 	314 	305 	284 	284 	275 	270 	257 	240 	222 	214 	201 	192 	183 	175 	170 	161 	157 	153 	148 	140 	144 	140 	131 	127 	109 	109 
292 	240 	196 	362 	524 	497 	428 	380 	318 	266 	244 	218 	179 	170 	148 	161 	266 	257 	218 	214 	170 	113 	122 	131 	140 	205 	301 	336 	358 	323 	388 	393 	401 	366 	327 	284 	253 	231 	201 	175 	170 	192 	188 	166 	127 	122 	113 	109 	83 	122 	175 	175 	170 	166 	153 	148 	161 	201 	205 	192 	196 	218 	192 	166 	157 	148 	135 	127 	118 	105 	100 	105 	100 	118 	131 	170 	179 	183 	179 	183 	175 	175 	175 	166 	257 	340 	297 	249 	218 	201 	179 	164 
44 	70 	26 	262 	192 	266 	362 	454 	480 	362 	179 	140 	288 	410 	401 	292 	323 	476 	388 	550 	672 	833 	833 	720 	641 	729 	990 	1060 	964 	1265 	1492 	1304 	1099 	1043 	1008 	907 	790 	702 	628 	528 	432 	445 	462 	414 	419 	423 	366 	332 	305 	310 	323 	318 	275 	236 	284 	380 	375 	358 	305 	275 	218 	270 	388 	371 	380 	349 	349 	380 	362 	323 	301 	292 	275 	253 	244 	227 	227 	218 	218 	205 	192 	188 	179 	157 	157 	148 	140 	140 	127 	122 	122 	118 
192 	218 	196 	144 	188 	205 	218 	209 	192 	170 	161 	153 	140 	140 	113 	70 	105 	113 	127 	122 	127 	26 	39 	100 	192 	288 	284 	270 	244 	244 	257 	249 	349 	340 	270 	266 	262 	244 	218 	218 	205 	205 	192 	161 	205 	201 	179 	179 	140 	57 	44 	96 	144 	127 	96 	70 	96 	144 	153 	140 	135 	131 	118 	100 	96 	92 	84 	80 	78 	76 	85 	72 	70 	88 	91 	81 	75 	72 	65 	61 	57 	60 	59 	57 	56 	53 	51 	51 	53 	52 	51 	49 
157 	113 	22 	70 	105 	214 	188 	179 	113 	92 	109 	52 	100 	227 	118 	161 	127 	140 	257 	292 	257 	192 	166 	227 	196 	222 	244 	371 	467 	297 	183 	262 	236 	222 	196 	170 	175 	161 	122 	135 	140 	118 	35 	35 	26 	22 	17 	26 	44 	26 	13 	44 	96 	188 	349 	397 	332 	266 	227 	218 	257 	257 	222 	192 	170 	161 	148 	153 	188 	209 	192 	175 	153 	135 	131 	127 	131 	135 	127 	113 	100 	100 	96 	105 	105 	105 	100 	96 	96 	92 	92 	96 
17 	262 	493 	611 	528 	436 	371 	506 	633 	545 	497 	353 	305 	462 	519 	423 	423 	458 	462 	393 	345 	301 	270 	253 	236 	201 	192 	161 	96 	70 	161 	231 	297 	301 	279 	231 	227 	205 	144 	70 	52 	100 	135 	96 	113 	196 	196 	183 	183 	222 	257 	249 	240 	284 	305 	323 	266 	236 	222 	188 	166 	157 	157 	196 	249 	231 	205 	188 	179 	175 	161 	153 	131 	122 	122 	118 	118 	113 	113 	105 	113 	118 	105 	100 	96 	92 	100 	100 	100 	70 	87 	83 
480 	449 	384 	340 	310 	279 	314 	393 	397 	353 	301 	358 	375 	340 	345 	388 	380 	345 	170 	209 	366 	340 	332 	401 	388 	332 	301 	310 	305 	332 	292 	288 	275 	305 	214 	175 	493 	484 	406 	353 	310 	279 	270 	253 	218 	192 	157 	214 	279 	297 	266 	305 	340 	314 	266 	270 	240 	393 	510 	528 	541 	484 	423 	388 	366 	345 	314 	297 	284 	266 	262 	244 	236 	222 	201 	201 	201 	192 	175 	166 	166 	166 	166 	166 	166 	157 	148 	148 	144 	140 	131 	139 
811 	859 	702 	715 	877 	846 	611 	733 	929 	1091 	1174 	1003 	820 	873 	750 	585 	777 	925 	973 	955 	768 	746 	750 	838 	934 	925 	833 	702 	846 	750 	497 	606 	1091 	1191 	1064 	868 	964 	1064 	955 	807 	720 	676 	628 	585 	506 	454 	419 	353 	336 	340 	301 	297 	362 	301 	249 	236 	218 	161 	188 	266 	240 	218 	214 	196 	192 	170 	166 	157 	140 	140 	135 	109 	113 	122 	118 	105 	100 	109 	118 	122 	92 	39 	100 	179 	244 	214 	166 	161 	153 	144 	131 	131 
375 	301 	257 	205 	157 	153 	153 	144 	83 	52 	13 	192 	467 	441 	476 	410 	454 	393 	288 	358 	266 	401 	436 	515 	441 	572 	742 	694 	615 	519 	641 	785 	1008 	1082 	1099 	1025 	1012 	899 	938 	947 	825 	685 	615 	532 	445 	388 	345 	362 	244 	366 	388 	436 	401 	358 	314 	310 	279 	240 	209 	179 	188 	192 	183 	170 	166 	148 	127 	96 	70 	70 	57 	61 	52 	44 	48 	61 	74 	65 	70 	96 	96 	92 	87 	65 	57 	57 	65 	65 	61 	52 	61 	61 
140 	275 	161 	161 	166 	253 	231 	209 	292 	502 	694 	646 	524 	436 	323 	214 	323 	332 	401 	598 	650 	541 	358 	550 	598 	480 	423 	502 	641 	942 	1178 	1287 	1322 	1431 	1270 	1021 	733 	702 	698 	602 	611 	593 	667 	681 	637 	694 	720 	619 	781 	873 	829 	829 	759 	676 	611 	567 	515 	476 	454 	423 	397 	366 	353 	332 	371 	414 	393 	375 	336 	305 	292 	275 	253 	236 	231 	214 	209 	205 	205 	192 	188 	183 	179 	179 	175 	175 	175 	170 	170 	179 	218 	214 
646 	720 	689 	558 	449 	371 	380 	323 	227 	31 	13 	253 	310 	358 	615 	624 	563 	659 	598 	558 	506 	676 	619 	384 	441 	318 	327 	537 	772 	829 	886 	829 	916 	886 	990 	947 	1082 	1043 	746 	676 	641 	628 	689 	637 	528 	506 	537 	506 	489 	476 	572 	576 	480 	502 	572 	637 	615 	567 	585 	567 	537 	545 	545 	489 	493 	541 	572 	519 	462 	401 	406 	467 	445 	406 	371 	349 	332 	310 	288 	275 	279 	275 	257 	240 	236 	231 	236 	218 	209 	201 	196 	196 
881 	1134 	1051 	968 	881 	720 	558 	476 	432 	558 	619 	733 	851 	1056 	1095 	1174 	1108 	1086 	1174 	960 	798 	702 	637 	554 	489 	467 	458 	380 	384 	414 	410 	388 	401 	397 	384 	349 	314 	301 	292 	257 	231 	244 	222 	236 	257 	270 	270 	270 	236 	231 	262 	279 	297 	288 	240 	257 	318 	279 	257 	266 	323 	349 	332 	336 	336 	323 	323 	358 	349 	327 	310 	292 	262 	253 	262 	257 	236 	227 	231 	218 	209 	192 	188 	183 	183 	183 	183 	179 	179 	170 	179 	171 
467 	397 	327 	236 	148 	222 	318 	266 	161 	170 	157 	192 	122 	157 	196 	275 	222 	218 	432 	641 	742 	589 	585 	593 	558 	519 	467 	353 	375 	375 	262 	323 	414 	288 	253 	222 	414 	454 	476 	467 	567 	859 	955 	711 	750 	868 	772 	772 	825 	694 	637 	619 	493 	654 	724 	633 	558 	502 	458 	428 	401 	371 	336 	292 	266 	253 	257 	249 	262 	266 	240 	214 	201 	196 	183 	183 	175 	179 	166 	153 	144 	140 	131 	127 	131 	113 	105 	105 	100 	100 	122 	109 
179 	332 	301 	441 	598 	528 	524 	462 	388 	340 	297 	292 	284 	218 	175 	105 	113 	170 	266 	380 	380 	310 	301 	279 	257 	253 	222 	262 	345 	297 	384 	598 	698 	624 	519 	476 	441 	641 	615 	755 	1038 	964 	833 	720 	694 	646 	567 	515 	467 	419 	401 	414 	414 	401 	384 	358 	375 	349 	305 	310 	332 	318 	362 	327 	380 	349 	327 	310 	353 	388 	358 	327 	292 	270 	253 	249 	218 	209 	253 	244 	222 	218 	209 	196 	183 	170 	157 	157 	161 	157 	148 	144 
57 	26 	131 	79 	17 	161 	484 	990 	733 	384 	432 	641 	982 	1003 	1064 	1047 	929 	707 	524 	414 	314 	153 	127 	135 	441 	532 	410 	366 	471 	654 	676 	532 	436 	410 	510 	602 	493 	606 	720 	720 	672 	615 	550 	506 	484 	428 	384 	349 	314 	297 	284 	270 	297 	305 	279 	257 	275 	236 	257 	236 	201 	179 	170 	196 	262 	297 	310 	323 	292 	270 	257 	244 	240 	231 	214 	201 	192 	183 	175 	161 	153 	161 	161 	166 	157 	196 	222 	214 	188 	166 	153 	161 
249 	196 	183 	196 	201 	205 	196 	209 	209 	192 	161 	161 	166 	170 	166 	157 	135 	118 	105 	131 	131 	122 	127 	332 	327 	275 	301 	323 	305 	240 	201 	201 	188 	157 	175 	170 	148 	175 	192 	205 	231 	157 	188 	257 	240 	236 	284 	384 	423 	353 	340 	362 	323 	270 	253 	240 	214 	201 	188 	179 	131 	131 	161 	170 	201 	227 	227 	240 	227 	240 	244 	222 	196 	218 	201 	188 	179 	175 	179 	166 	153 	153 	148 	140 	138 	136 	133 	121 	118 	113 	116 	111 
510 	650 	724 	624 	519 	445 	401 	270 	275 	305 	297 	218 	192 	454 	484 	441 	358 	423 	449 	358 	362 	349 	305 	266 	236 	257 	305 	397 	428 	336 	244 	236 	236 	266 	292 	694 	899 	851 	720 	550 	388 	515 	572 	633 	790 	907 	964 	907 	790 	711 	659 	576 	532 	476 	436 	406 	388 	358 	323 	336 	327 	310 	266 	288 	288 	270 	240 	249 	288 	297 	297 	288 	270 	257 	244 	240 	275 	305 	353 	353 	318 	297 	314 	292 	275 	262 	249 	244 	231 	218 	196 	179 
323 	122 	22 	4 	318 	545 	711 	737 	763 	720 	772 	859 	715 	689 	820 	729 	624 	899 	1008 	1147 	1165 	955 	720 	576 	462 	428 	563 	934 	1008 	868 	654 	524 	707 	785 	777 	781 	785 	768 	763 	720 	672 	659 	624 	567 	506 	476 	541 	550 	497 	432 	397 	371 	345 	336 	314 	310 	310 	310 	310 	314 	305 	240 	262 	266 	270 	292 	332 	323 	292 	253 	236 	249 	249 	244 	214 	227 	231 	209 	201 	201 	192 	188 	183 	179 	183 	175 	179 	170 	122 	301 	397 	371 
715 	619 	471 	449 	471 	685 	768 	646 	524 	436 	318 	349 	641 	964 	1270 	1457 	1117 	846 	842 	833 	733 	702 	724 	615 	502 	502 	410 	301 	353 	445 	441 	445 	410 	419 	401 	353 	314 	270 	231 	240 	253 	240 	214 	175 	157 	179 	218 	196 	183 	166 	144 	188 	270 	340 	371 	401 	380 	449 	449 	410 	388 	345 	305 	275 	266 	249 	262 	275 	244 	218 	183 	166 	109 	92 	113 	140 	175 	196 	209 	201 	188 	183 	170 	161 	161 	153 	148 	144 	135 	140 	140 	144 
336 	310 	292 	284 	366 	423 	393 	314 	270 	288 	266 	257 	262 	218 	131 	61 	148 	222 	240 	275 	270 	449 	545 	550 	428 	462 	763 	938 	886 	759 	659 	454 	428 	602 	733 	755 	550 	384 	380 	567 	541 	432 	371 	436 	519 	593 	659 	663 	602 	537 	467 	476 	519 	454 	397 	353 	323 	314 	257 	201 	148 	218 	209 	188 	236 	266 	231 	249 	240 	240 	257 	345 	305 	253 	244 	253 	244 	275 	292 	371 	445 	428 	371 	323 	292 	244 	257 	240 	222 	214 	209 	205 
332 	257 	358 	380 	262 	79 	270 	406 	515 	423 	393 	401 	401 	410 	340 	358 	288 	192 	332 	249 	240 	236 	105 	92 	183 	244 	249 	253 	231 	257 	266 	240 	218 	196 	205 	166 	122 	44 	83 	170 	113 	148 	236 	270 	266 	253 	218 	231 	227 	188 	135 	144 	87 	35 	57 	118 	96 	179 	148 	161 	109 	105 	118 	144 	153 	148 	135 	170 	183 	179 	153 	192 	131 	157 	140 	96 	135 	131 	140 	109 	131 	144 	109 	118 	135 	140 	113 	118 	122 	131 	100 	116 
267 	265 	285 	308 	304 	286 	275 	255 	237 	232 	234 	245 	257 	278 	273 	260 	249 	237 	230 	231 	247 	247 	255 	272 	271 	265 	244 	221 	212 	206 	210 	217 	223 	234 	229 	227 	222 	211 	199 	187 	177 	169 	169 	180 	186 	176 	172 	172 	173 	182 	185 	190 	191 	194 	198 	198 	192 	185 	180 	173 	170 	164 	156 	150 	147 	148 	154 	156 	151 	145 	141 	138 	137 	137 	137 	136 	134 	130 	127 	123 	119 	115 	113 	109 	106 	103 	101 	98 	96 	93 	92 	90 
255 	242 	217 	196 	180 	167 	155 	155 	168 	162 	160 	162 	162 	152 	142 	132 	127 	119 	114 	109 	108 	106 	104 	104 	105 	106 	106 	107 	109 	115 	130 	145 	145 	152 	175 	192 	216 	256 	260 	247 	234 	227 	219 	211 	196 	183 	169 	158 	148 	141 	137 	136 	134 	137 	134 	135 	137 	145 	150 	151 	143 	136 	131 	130 	133 	139 	146 	151 	149 	144 	135 	129 	124 	119 	116 	112 	109 	107 	107 	108 	106 	105 	102 	104 	102 	101 	98 	95 	94 	94 	93 	91 
190 	184 	174 	162 	159 	163 	176 	195 	207 	217 	239 	271 	301 	336 	339 	342 	342 	344 	344 	315 	278 	262 	293 	321 	326 	303 	290 	301 	315 	301 	275 	269 	260 	262 	290 	324 	316 	308 	288 	283 	282 	285 	291 	286 	274 	272 	274 	264 	266 	275 	289 	293 	286 	277 	265 	263 	251 	243 	240 	241 	234 	221 	210 	206 	201 	196 	188 	177 	170 	163 	157 	152 	147 	144 	139 	135 	133 	129 	125 	122 	119 	116 	116 	112 	109 	106 	103 	99 	96 	94 	95 	94 
